,Bed/Yellow,Bed/Blue,Bed/Green,Bed/White,Bed/Red,Bed/Brown,BookShelf/0,BookShelf/1,BookShelf/2,BookShelf/3,BookShelf/4,BookShelf/5,BookShelf/6,BookShelf/7,BookShelf/8,BookShelf/9,Chair/Yellow,Chair/Blue,Chair/Green,Chair/White,Chair/Red,Chair/Brown,Chair/None,Desk/0,Desk/1,Desk/2,Desk/3,Desk/4,Desk/5,Desk/6,FlowerPot/0,FlowerPot/1,FlowerPot/2,FlowerPot/3,PhotoFrame/0,PhotoFrame/1,PhotoFrame/2,PhotoFrame/3,PhotoFrame/4,PhotoFrame/5,Sofa/Yellow,Sofa/Blue,Sofa/Green,Sofa/White,Sofa/Red,Sofa/Brown,Stand/Yellow,Stand/Blue,Stand/Green,Stand/White,Stand/Red,Stand/Brown
Bed/Yellow,-1.0,0.23966766084363017,0.26160942115897,0.2375064200954182,-1.0,-1.0,-1.0,-1.0,0.3183091418385536,0.2878792552152411,0.19608200149302438,0.18428609243120264,0.2308000041031112,0.258256125512477,0.257165267259004,0.5845446397256537,0.2630629547231075,0.3415248706000213,0.36543177794741033,0.44438124355647196,0.3150015553201794,0.3749230068825152,-1.0,0.44844389966815146,0.4116270932952807,0.2611034230658764,0.26696414099520416,0.2625666262814189,0.3137465824032988,0.4529344490618595,0.4200727566014434,0.6226326985938878,0.21460543258323628,0.2716985233185258,0.2264536708140039,0.2477963821728203,0.5021845025862502,0.28813461649282546,0.2350501209816799,0.24138667359879673,0.362593632251495,0.3164782302537364,0.2663669150982095,0.22568676482536357,-1.0,-1.0,0.293664955924345,0.31484729905995595,0.29030826590578257,-1.0,-1.0,-1.0
Bed/Blue,0.23966766084363017,-1.0,0.23096155067585125,0.21753858202136853,-1.0,-1.0,-1.0,-1.0,0.22154773245895826,0.20265589765508701,0.2169462643825512,0.2834587638363309,0.5264635687210445,0.46228522998690197,0.2612466691049689,0.2768625930950469,0.2811960674729964,0.3607685813857842,0.24439221692253177,0.33483338690667525,0.6295643414756988,0.4175423457528984,-1.0,0.2655337227827934,0.18002253882186045,0.41580041580041577,0.5326160770162847,0.3070296634516276,0.27751182894170867,-1.0,0.3004424014361147,0.3820497734444844,0.2393591557536622,0.4769655452014285,0.30408631185875795,0.4070224947765446,0.4309416074121956,0.1698629206230572,0.4004859229198094,0.2482806564540557,0.47024081031896425,0.23301807929022694,0.3605877580456143,0.2526640263275915,-1.0,-1.0,0.24766622213755,0.8169534173161446,0.40936420621721886,-1.0,-1.0,-1.0
Bed/Green,0.26160942115897,0.23096155067585125,-1.0,0.4778972520908005,-1.0,-1.0,-1.0,-1.0,0.2758104997992712,0.23128971349512395,0.3738364340988673,0.40666386520448417,0.45186167008073264,0.2957967284881829,0.4440863557639237,0.22414865538825346,0.36040321912155326,0.35170625493587765,0.40104807229559913,0.2610602527063246,0.5342793639938451,0.5231014686073732,-1.0,0.5799006436897145,0.2545556367709254,0.3393676126942879,0.3070571979324816,0.3673036761850791,0.33976953917542785,0.4503895869927487,0.2479974208268234,0.48220076428821135,0.305731351082428,0.2554077265094064,0.2917067763484146,0.31673133264708214,0.5139450421434933,0.4750086095310478,0.2256437697337565,0.2600839420923103,0.2645642626594,0.3044313792644177,0.3893360846416648,0.3040684356692546,-1.0,-1.0,0.3564698081954785,0.3089996137504828,0.3971195594620354,-1.0,-1.0,-1.0
Bed/White,0.2375064200954182,0.21753858202136853,0.4778972520908005,-1.0,-1.0,-1.0,-1.0,-1.0,0.22862517881755057,0.20953817785600537,0.279082275992074,0.2597014731566065,0.2127885945313331,0.19565068526652513,0.39076237739830405,0.543020824848633,0.3947451525295269,0.25823245052266247,0.2829401251538487,0.3902819787296322,-1.0,0.3198683970023762,-1.0,0.29493957425472456,0.319138750890929,0.4681034321343644,0.34094285310720707,0.36746242696684267,0.2980848051270587,0.37136526249334645,0.4868726949620848,0.5440499075115157,0.299637438699174,0.5857544517338332,-1.0,0.23081361800346217,-1.0,0.33027280533720854,0.21714321560149877,0.3086162572872013,0.24756826075869767,0.30487937665233733,0.3569601275537523,0.33563992548793653,-1.0,-1.0,0.3916024764940613,0.7516818882249031,0.23006884810279477,-1.0,-1.0,-1.0
Bed/Red,-1.0,-1.0,-1.0,-1.0,-1.0,-1.0,-1.0,-1.0,-1.0,-1.0,-1.0,-1.0,-1.0,-1.0,-1.0,-1.0,-1.0,-1.0,-1.0,-1.0,-1.0,-1.0,-1.0,-1.0,-1.0,-1.0,-1.0,-1.0,-1.0,-1.0,-1.0,-1.0,-1.0,-1.0,-1.0,-1.0,-1.0,-1.0,-1.0,-1.0,-1.0,-1.0,-1.0,-1.0,-1.0,-1.0,-1.0,-1.0,-1.0,-1.0,-1.0,-1.0
Bed/Brown,-1.0,-1.0,-1.0,-1.0,-1.0,-1.0,-1.0,-1.0,-1.0,-1.0,-1.0,-1.0,-1.0,-1.0,-1.0,-1.0,-1.0,-1.0,-1.0,-1.0,-1.0,-1.0,-1.0,-1.0,-1.0,-1.0,-1.0,-1.0,-1.0,-1.0,-1.0,-1.0,-1.0,-1.0,-1.0,-1.0,-1.0,-1.0,-1.0,-1.0,-1.0,-1.0,-1.0,-1.0,-1.0,-1.0,-1.0,-1.0,-1.0,-1.0,-1.0,-1.0
BookShelf/0,-1.0,-1.0,-1.0,-1.0,-1.0,-1.0,-1.0,-1.0,-1.0,-1.0,-1.0,-1.0,-1.0,-1.0,-1.0,-1.0,-1.0,-1.0,-1.0,-1.0,-1.0,-1.0,-1.0,-1.0,-1.0,-1.0,-1.0,-1.0,-1.0,-1.0,-1.0,-1.0,-1.0,-1.0,-1.0,-1.0,-1.0,-1.0,-1.0,-1.0,-1.0,-1.0,-1.0,-1.0,-1.0,-1.0,-1.0,-1.0,-1.0,-1.0,-1.0,-1.0
BookShelf/1,-1.0,-1.0,-1.0,-1.0,-1.0,-1.0,-1.0,-1.0,-1.0,-1.0,-1.0,-1.0,-1.0,-1.0,-1.0,-1.0,-1.0,-1.0,-1.0,-1.0,-1.0,-1.0,-1.0,-1.0,-1.0,-1.0,-1.0,-1.0,-1.0,-1.0,-1.0,-1.0,-1.0,-1.0,-1.0,-1.0,-1.0,-1.0,-1.0,-1.0,-1.0,-1.0,-1.0,-1.0,-1.0,-1.0,-1.0,-1.0,-1.0,-1.0,-1.0,-1.0
BookShelf/2,0.3183091418385536,0.22154773245895826,0.2758104997992712,0.22862517881755057,-1.0,-1.0,-1.0,-1.0,-1.0,0.9222801603348586,0.24756083807595716,0.2268221759504983,0.16471557150420613,0.6986330080808552,0.24269095733492974,0.3189640049120457,0.24158965996255363,0.21607761507933648,0.20972714498437534,0.29947068556326695,0.30780122197085125,0.200046010582434,-1.0,0.3874647407085956,0.22781637999772186,0.2581484560140846,0.2437512622833225,0.2969143179506974,0.2565527857356651,0.3796267004112623,0.28228917703295253,0.26704230617735614,0.1916446754401599,0.3027951779867906,0.23682652457075193,0.22482014388489208,0.5602083975238789,0.375610366846125,0.18074497916268598,0.33898815801368004,0.3142549173038185,0.35512264414174466,0.25804587023389275,0.22666228452916576,-1.0,-1.0,0.25108497681326813,0.24694711627504967,0.19868914834380177,-1.0,-1.0,-1.0
BookShelf/3,0.2878792552152411,0.20265589765508701,0.23128971349512395,0.20953817785600537,-1.0,-1.0,-1.0,-1.0,0.9222801603348586,-1.0,0.30325749088121573,0.22465683668196834,0.17604742717688146,0.2768242719521648,0.40334869046125166,0.8378016085790885,0.26730004047686323,0.259000259000259,0.2780334999474826,0.28570612268220913,0.24531349019768178,0.22820434558125072,-1.0,0.42242573755533774,0.24919711803532993,0.2208813903747253,0.230370240417927,0.281188866527679,0.25783246690881434,0.38926157080019197,0.2525029353466234,0.19887041603691039,0.19224207121607528,0.3017857485795493,0.26476740183748576,0.35411391844756457,0.5543544542380399,0.31904905151274826,0.17897711002080907,0.2604338480663655,0.24000038400061438,0.28224402818677025,0.2539837348816182,0.19690659735554442,-1.0,-1.0,0.21434800413804458,0.23780152490227843,0.2018474811597003,-1.0,-1.0,-1.0
BookShelf/4,0.19608200149302438,0.2169462643825512,0.3738364340988673,0.279082275992074,-1.0,-1.0,-1.0,-1.0,0.24756083807595716,0.30325749088121573,-1.0,0.5033504262748922,0.3917548659218971,0.7572411181927177,0.7171851915601646,0.19957092251658934,0.46747539910712194,0.41898605374992515,0.30637169571163186,0.2726886713439266,0.3349803199062055,0.3720099698671925,-1.0,0.2384202275721072,0.2668027360620583,0.2891970444062062,0.2959317834963071,0.33302004780687794,0.4089119437337164,0.2745103421771415,0.23358073426103815,0.23644239317532678,0.29186162110889174,0.27385505764648965,0.4883527860526444,0.3111847581705448,0.7275725753643925,0.4105764493348662,0.22750971656081148,0.3123757005025084,0.20658880564125165,0.24075645678722546,0.391410879656811,0.27207429442066317,-1.0,-1.0,0.24093127970649222,0.26853006641643645,0.25467447031689455,-1.0,-1.0,-1.0
BookShelf/5,0.18428609243120264,0.2834587638363309,0.40666386520448417,0.2597014731566065,-1.0,-1.0,-1.0,-1.0,0.2268221759504983,0.22465683668196834,0.5033504262748922,-1.0,0.7050943063634763,13.745704467353955,0.27241594022415944,-1.0,0.4625560849252972,0.4792944785276074,-1.0,0.21021431349260572,0.3446691176470589,0.724655184907848,-1.0,0.30714417347502915,0.33657114777492814,0.42056389206648276,0.41936809615271714,0.3576303413581608,0.24527598453780194,0.4130865829477859,0.22868250292999454,0.2645278706564524,0.45214088710042055,0.2561073602053981,0.3478351609172413,0.2994572337638031,0.38578014389599363,0.36157211555844815,0.20196144959850063,0.20714494708741257,0.23197953940462454,0.32190827223782575,0.5027904872039821,0.332726108185894,-1.0,-1.0,0.192153499202563,0.35153833173969284,0.30188028290495084,-1.0,-1.0,-1.0
BookShelf/6,0.2308000041031112,0.5264635687210445,0.45186167008073264,0.2127885945313331,-1.0,-1.0,-1.0,-1.0,0.16471557150420613,0.17604742717688146,0.3917548659218971,0.7050943063634763,-1.0,1.5619508766449297,0.39856119408933754,0.23977748649253489,0.47089847428894327,1.1247328759419637,2.2439973072032315,0.2550174686966057,0.6101281269066504,0.5301992665576811,-1.0,0.2806639386131833,1.515840533575868,0.3335297452944512,0.8901284752099221,0.460617227084293,0.2993743076969134,0.838679917809368,0.28072736460168296,0.4162807397308745,0.43548587781510517,0.27128862094951023,0.3180074922565176,0.4525569467491326,-1.0,0.8772699359592947,0.27496038851902904,0.16421170172586497,0.24732655452468474,0.27448246331541876,0.5868458502662812,0.38029010702450156,-1.0,-1.0,0.20938637229734544,0.30288115700601975,0.2760994510222582,-1.0,-1.0,-1.0
BookShelf/7,0.258256125512477,0.46228522998690197,0.2957967284881829,0.19565068526652513,-1.0,-1.0,-1.0,-1.0,0.6986330080808552,0.2768242719521648,0.7572411181927177,13.745704467353955,1.5619508766449297,-1.0,0.27807516371675267,0.2898886827458256,1.3185654008438819,0.4390072582533364,0.25497195308516063,-1.0,-1.0,0.4265786966598888,-1.0,0.33870175616860576,0.3426593794438638,0.5108730820973043,0.4010695187165775,0.4438329412809018,0.5368358892686506,-1.0,0.27130047884534514,0.409274152290912,0.2362376787285688,0.38122831763943427,1.0042681395932715,0.33703320900552736,-1.0,2.250731487733513,0.3120489916916956,0.2291066216395786,0.2512653002620338,1.2640626975097966,0.6056568348373811,0.3415907196633282,-1.0,-1.0,0.20332724707107097,-1.0,0.2801630548979506,-1.0,-1.0,-1.0
BookShelf/8,0.257165267259004,0.2612466691049689,0.4440863557639237,0.39076237739830405,-1.0,-1.0,-1.0,-1.0,0.24269095733492974,0.40334869046125166,0.7171851915601646,0.27241594022415944,0.39856119408933754,0.27807516371675267,-1.0,0.2592419764608285,0.49139445461357967,0.4207986758868332,0.526348109094418,0.3861003861003861,0.4012068301450764,0.5627462014631401,-1.0,0.45832314837448057,0.43861188111863575,0.3245320248202093,0.5008865692275327,0.36457985210210664,0.34581335300627075,-1.0,0.38739794485390255,0.47376524931896247,0.3110806943321097,0.35204140006864815,0.485389767983691,0.2449359492492713,21.739130434782588,1.9888623707239463,0.2823064436445762,0.3566317910494336,0.24788062069307423,0.3278043663541599,0.8129420372327454,0.39813898463183517,-1.0,-1.0,0.31532719496393796,0.2773989227675166,0.35687838476843053,-1.0,-1.0,-1.0
BookShelf/9,0.5845446397256537,0.2768625930950469,0.22414865538825346,0.543020824848633,-1.0,-1.0,-1.0,-1.0,0.3189640049120457,0.8378016085790885,0.19957092251658934,-1.0,0.23977748649253489,0.2898886827458256,0.2592419764608285,-1.0,-1.0,0.3864684512920928,0.21109961790969162,0.3217917363882095,-1.0,0.29137953641515757,-1.0,0.7368382271672254,0.3440998348320793,0.38486209108402825,0.5256794406770752,0.3208882185890545,0.36305547487656115,-1.0,0.6976906439684644,-1.0,0.20960625465063876,0.2791678007858573,0.273811316621716,7.974481658692188,-1.0,-1.0,0.24930609802715775,0.3772588372882635,0.49804930688138127,0.6169412055031155,0.3166093251999915,0.3305238803503553,-1.0,-1.0,0.17504489901659775,0.7393988687197309,0.3014545180495893,-1.0,-1.0,-1.0
Chair/Yellow,0.2630629547231075,0.2811960674729964,0.36040321912155326,0.3947451525295269,-1.0,-1.0,-1.0,-1.0,0.24158965996255363,0.26730004047686323,0.46747539910712194,0.4625560849252972,0.47089847428894327,1.3185654008438819,0.49139445461357967,-1.0,-1.0,0.8583414696951815,111.52416356877355,0.5636581413372789,-47.021943573667734,0.8250144377526607,-1.0,0.9997500624843788,0.4382312984793374,0.4474823524147266,0.5243642083973183,3.596475454055026,0.7604418166955,0.6013590715015936,0.22386263788539354,0.4000760144427441,0.32714305965998935,0.32392111132705853,-1.0,0.33323058723560234,0.4531242919932938,0.26464302963340325,0.25235637767655483,0.35426320338959033,0.23539135119866506,0.3000315033078473,1.9040365575019045,0.32420465650516644,-1.0,-1.0,0.20279502239617528,0.9117848187827674,0.335572721964577,-1.0,-1.0,-1.0
Chair/Blue,0.3415248706000213,0.3607685813857842,0.35170625493587765,0.25823245052266247,-1.0,-1.0,-1.0,-1.0,0.21607761507933648,0.259000259000259,0.41898605374992515,0.4792944785276074,1.1247328759419637,0.4390072582533364,0.4207986758868332,0.3864684512920928,0.8583414696951815,-1.0,1.9899705484358832,-1.0,1.0662117496534813,0.7969079969717496,-1.0,0.6615287930407171,0.574981723795208,0.42241146255744794,0.362649517373934,1.0642449182305154,0.7762253271235309,0.5408718854793928,0.1991666865833353,0.7054507830503691,0.3122839106868015,0.24326587918026346,0.45540451305872437,0.36331400502826583,-1.0,0.2761896870770846,0.29181531009024386,0.2282262635176514,0.28693684161445016,0.2621025869525332,0.654278984559016,0.32563213337892183,-1.0,-1.0,0.23118661152095354,-1.0,0.4374557573154534,-1.0,-1.0,-1.0
Chair/Green,0.36543177794741033,0.24439221692253177,0.40104807229559913,0.2829401251538487,-1.0,-1.0,-1.0,-1.0,0.20972714498437534,0.2780334999474826,0.30637169571163186,-1.0,2.2439973072032315,0.25497195308516063,0.526348109094418,0.21109961790969162,111.52416356877355,1.9899705484358832,-1.0,0.3947638522635759,4.8247024766806055,0.7627532340737125,-1.0,0.5939535528321684,0.5651846269781462,0.2754492117561724,0.46606792473935144,-4.959087527894868,3.551451655864334,-4.798464491362765,0.38922116844194765,1.0107135637760258,0.2603895427559628,0.30597347647063966,0.4200904034548235,0.5256034584707567,0.6502584777449035,1.0667235585897916,0.2588547747057468,0.1794085157533492,0.2610659322011774,0.305238658476096,0.626478096759542,0.2636605458359211,-1.0,-1.0,0.2537523630688811,0.282767444984059,0.356003184610306,-1.0,-1.0,-1.0
Chair/White,0.44438124355647196,0.33483338690667525,0.2610602527063246,0.3902819787296322,-1.0,-1.0,-1.0,-1.0,0.29947068556326695,0.28570612268220913,0.2726886713439266,0.21021431349260572,0.2550174686966057,-1.0,0.3861003861003861,0.3217917363882095,0.5636581413372789,-1.0,0.3947638522635759,-1.0,1.6555377738535402,0.2989089822149155,-1.0,0.3464603302921816,0.5258591223411248,0.8585717658674794,0.7331685449746533,0.4953928465272961,0.5273705305347536,-24.875621890547254,-1.0,0.632071297642374,0.2412603440372506,0.39531551119237035,0.29413062340985635,0.26586788138747586,0.7553725875287985,0.307196067890331,0.32817012339196644,0.3295037673264064,0.40138612006796803,0.7123352724682417,0.4122606311710263,0.4482455668513438,-1.0,-1.0,0.3744103037715598,0.3465303647232089,0.3122462998813464,-1.0,-1.0,-1.0
Chair/Red,0.3150015553201794,0.6295643414756988,0.5342793639938451,-1.0,-1.0,-1.0,-1.0,-1.0,0.30780122197085125,0.24531349019768178,0.3349803199062055,0.3446691176470589,0.6101281269066504,-1.0,0.4012068301450764,-1.0,-47.021943573667734,1.0662117496534813,4.8247024766806055,1.6555377738535402,-1.0,4.285714285714286,-1.0,-1.0,1.047559187094071,-1.0,1.033515428908903,0.5749687360749759,3.0776332999923057,-1.0,-1.0,0.4619791185438418,0.3006614552014431,0.3570892937487947,0.24744717002919878,-1.0,0.6168080185042406,1.0450958875476826,0.31842208211650613,0.36954915003695493,0.6841583142339137,-1.0,0.5484786573242469,0.7045478564131469,-1.0,-1.0,0.30674062523964113,0.37098042707266765,0.47587775652190467,-1.0,-1.0,-1.0
Chair/Brown,0.3749230068825152,0.4175423457528984,0.5231014686073732,0.3198683970023762,-1.0,-1.0,-1.0,-1.0,0.200046010582434,0.22820434558125072,0.3720099698671925,0.724655184907848,0.5301992665576811,0.4265786966598888,0.5627462014631401,0.29137953641515757,0.8250144377526607,0.7969079969717496,0.7627532340737125,0.2989089822149155,4.285714285714286,-1.0,-1.0,0.4296209311317647,0.9104151493080843,0.46836944982201956,0.9705345704413992,1.120347755943445,0.46679238941688295,0.3965316696626838,0.36447930486506974,0.2864672854360032,0.5814388118713194,0.45540451305872437,0.3077112437688473,0.2807411566535654,-1.0,0.6474168069403082,0.2779669497296771,0.22028190576890777,0.3354516483721277,0.3499195185107425,0.5038629492777964,0.7612474307899211,-1.0,-1.0,0.23288188748182226,0.3241175898616018,0.37340184012426814,-1.0,-1.0,-1.0
Chair/None,-1.0,-1.0,-1.0,-1.0,-1.0,-1.0,-1.0,-1.0,-1.0,-1.0,-1.0,-1.0,-1.0,-1.0,-1.0,-1.0,-1.0,-1.0,-1.0,-1.0,-1.0,-1.0,-1.0,-1.0,-1.0,-1.0,-1.0,-1.0,-1.0,-1.0,-1.0,-1.0,-1.0,-1.0,-1.0,-1.0,-1.0,-1.0,-1.0,-1.0,-1.0,-1.0,-1.0,-1.0,-1.0,-1.0,-1.0,-1.0,-1.0,-1.0,-1.0,-1.0
Desk/0,0.44844389966815146,0.2655337227827934,0.5799006436897145,0.29493957425472456,-1.0,-1.0,-1.0,-1.0,0.3874647407085956,0.42242573755533774,0.2384202275721072,0.30714417347502915,0.2806639386131833,0.33870175616860576,0.45832314837448057,0.7368382271672254,0.9997500624843788,0.6615287930407171,0.5939535528321684,0.3464603302921816,-1.0,0.4296209311317647,-1.0,-1.0,-1.0,0.30379208469723323,0.4537822752643281,0.3401985398678669,0.3887571434125102,0.6430868167202572,0.5188498137329169,0.3041794253036724,0.7090187180941576,0.34373002069254727,0.20700505092324253,0.26651919271336527,-1.0,0.4664614236402649,0.35163907765069935,0.2878443337842895,0.4400310955307508,0.5763079789839691,-1.0,0.49875311720698257,-1.0,-1.0,0.24791046890494406,0.28409090909090906,0.3208032914417702,-1.0,-1.0,-1.0
Desk/1,0.4116270932952807,0.18002253882186045,0.2545556367709254,0.319138750890929,-1.0,-1.0,-1.0,-1.0,0.22781637999772186,0.24919711803532993,0.2668027360620583,0.33657114777492814,1.515840533575868,0.3426593794438638,0.43861188111863575,0.3440998348320793,0.4382312984793374,0.574981723795208,0.5651846269781462,0.5258591223411248,1.047559187094071,0.9104151493080843,-1.0,-1.0,-1.0,0.30526428255262,0.3731677463653461,-1.0,0.38530448687074964,0.3694262809856293,0.3348148892181235,1.3694409257420659,0.28677672520098274,0.2980483792129138,0.49509852460639664,0.2988419872992156,-1.0,0.32561976294881256,0.22383159905294364,0.26381279843822825,0.2592142567841231,0.7122507122507123,0.40629926378573405,0.32453307803397863,-1.0,-1.0,0.30264511833424124,0.2424830261881668,0.27002052155963857,-1.0,-1.0,-1.0
Desk/2,0.2611034230658764,0.41580041580041577,0.3393676126942879,0.4681034321343644,-1.0,-1.0,-1.0,-1.0,0.2581484560140846,0.2208813903747253,0.2891970444062062,0.42056389206648276,0.3335297452944512,0.5108730820973043,0.3245320248202093,0.38486209108402825,0.4474823524147266,0.42241146255744794,0.2754492117561724,0.8585717658674794,-1.0,0.46836944982201956,-1.0,0.30379208469723323,0.30526428255262,-1.0,0.453473607836024,0.3964530665644699,0.4470022908867408,-1.0,0.2095015957038206,0.6378974898733774,0.2385361039301805,0.34619531350458466,0.2718795030042685,0.3489975046678416,-1.0,0.3354466472107611,0.23824385688215027,0.25784382399580574,0.4989913246793981,0.7865654619105675,3.4690101757631826,1.4965019267462305,-1.0,-1.0,0.26106252447461165,0.3869070649230055,0.35086026551350596,-1.0,-1.0,-1.0
Desk/3,0.26696414099520416,0.5326160770162847,0.3070571979324816,0.34094285310720707,-1.0,-1.0,-1.0,-1.0,0.2437512622833225,0.230370240417927,0.2959317834963071,0.41936809615271714,0.8901284752099221,0.4010695187165775,0.5008865692275327,0.5256794406770752,0.5243642083973183,0.362649517373934,0.46606792473935144,0.7331685449746533,1.033515428908903,0.9705345704413992,-1.0,0.4537822752643281,0.3731677463653461,0.453473607836024,-1.0,0.39214148464766085,0.29881966233378154,0.5303562668222378,0.9899356541824782,0.40034696737172215,0.3392935907440708,0.28517652426852225,0.33007439876948264,0.4175295610929253,0.4552006676276458,0.25403599690076084,0.2443481402488511,0.29553360069273077,0.5924907719562268,0.6523440897625468,2.169315038776506,0.5529648130057324,-1.0,-1.0,0.2573737581716168,0.3739809020419358,0.3730438513047209,-1.0,-1.0,-1.0
Desk/4,0.2625666262814189,0.3070296634516276,0.3673036761850791,0.36746242696684267,-1.0,-1.0,-1.0,-1.0,0.2969143179506974,0.281188866527679,0.33302004780687794,0.3576303413581608,0.460617227084293,0.4438329412809018,0.36457985210210664,0.3208882185890545,3.596475454055026,1.0642449182305154,-4.959087527894868,0.4953928465272961,0.5749687360749759,1.120347755943445,-1.0,0.3401985398678669,-1.0,0.3964530665644699,0.39214148464766085,-1.0,0.47672963470591745,0.40159836147868516,0.26880997822639174,0.30338195029086745,0.30289491818051023,0.2881605630657402,0.3051646057883623,0.5411109006790942,0.6329113924050632,0.39228506047728007,0.22812560595864081,0.2079277658941284,0.2695099971364563,0.5469920904943714,-25.906735751295322,0.462614166567535,-1.0,-1.0,0.2612466691049689,0.274337132902624,0.3190640787024728,-1.0,-1.0,-1.0
Desk/5,0.3137465824032988,0.27751182894170867,0.33976953917542785,0.2980848051270587,-1.0,-1.0,-1.0,-1.0,0.2565527857356651,0.25783246690881434,0.4089119437337164,0.24527598453780194,0.2993743076969134,0.5368358892686506,0.34581335300627075,0.36305547487656115,0.7604418166955,0.7762253271235309,3.551451655864334,0.5273705305347536,3.0776332999923057,0.46679238941688295,-1.0,0.3887571434125102,0.38530448687074964,0.4470022908867408,0.29881966233378154,0.47672963470591745,-1.0,-1.0,0.2908118011428904,0.41923799302387976,0.2080607953644055,0.2742571915377944,0.2278630998496104,0.23765388088787487,0.5690386092696389,0.35338186444271674,0.28680619788193623,0.254035351559523,0.32331941263640035,0.3763744387988278,0.5451225162855351,0.426704379206086,-1.0,-1.0,0.2466638711427937,0.542289546465176,0.34603273469670237,-1.0,-1.0,-1.0
Desk/6,0.4529344490618595,-1.0,0.4503895869927487,0.37136526249334645,-1.0,-1.0,-1.0,-1.0,0.3796267004112623,0.38926157080019197,0.2745103421771415,0.4130865829477859,0.838679917809368,-1.0,-1.0,-1.0,0.6013590715015936,0.5408718854793928,-4.798464491362765,-24.875621890547254,-1.0,0.3965316696626838,-1.0,0.6430868167202572,0.3694262809856293,-1.0,0.5303562668222378,0.40159836147868516,-1.0,-1.0,0.6400819304871024,-1.0,0.35141973573235874,1.1954572624028692,-1.0,0.4121586810922205,-1.0,0.8288094152749576,0.4133811477527567,0.34192417831345895,0.6581003932149849,0.49431537320810676,1.622586402725945,0.5030012407363939,-1.0,-1.0,0.3096886081045509,0.8234519104084322,0.39264574519254364,-1.0,-1.0,-1.0
FlowerPot/0,0.4200727566014434,0.3004424014361147,0.2479974208268234,0.4868726949620848,-1.0,-1.0,-1.0,-1.0,0.28228917703295253,0.2525029353466234,0.23358073426103815,0.22868250292999454,0.28072736460168296,0.27130047884534514,0.38739794485390255,0.6976906439684644,0.22386263788539354,0.1991666865833353,0.38922116844194765,-1.0,-1.0,0.36447930486506974,-1.0,0.5188498137329169,0.3348148892181235,0.2095015957038206,0.9899356541824782,0.26880997822639174,0.2908118011428904,0.6400819304871024,-1.0,0.32308089945722407,0.29234922088932636,0.22267180720438726,0.2821153005233239,0.16465851881429397,-1.0,0.4198740377886634,0.2766098694401416,0.2742641492874618,0.3970722539144706,0.4446561854851516,-1.0,0.3526808150453636,-1.0,-1.0,0.3164043806186496,-6.9930069930069925,0.20210676087536483,-1.0,-1.0,-1.0
FlowerPot/1,0.6226326985938878,0.3820497734444844,0.48220076428821135,0.5440499075115157,-1.0,-1.0,-1.0,-1.0,0.26704230617735614,0.19887041603691039,0.23644239317532678,0.2645278706564524,0.4162807397308745,0.409274152290912,0.47376524931896247,-1.0,0.4000760144427441,0.7054507830503691,1.0107135637760258,0.632071297642374,0.4619791185438418,0.2864672854360032,-1.0,0.3041794253036724,1.3694409257420659,0.6378974898733774,0.40034696737172215,0.30338195029086745,0.41923799302387976,-1.0,0.32308089945722407,-1.0,0.3527274651240719,0.2535738058258582,0.28894426987394806,0.718012541285721,-1.0,0.303789777473988,0.35109893968120215,0.3108268772000715,0.46002039423747787,0.39429067108272214,0.9382183234038561,0.3872791701898314,-1.0,-1.0,0.3501978617919125,0.3442488919488791,0.4003170511044748,-1.0,-1.0,-1.0
FlowerPot/2,0.21460543258323628,0.2393591557536622,0.305731351082428,0.299637438699174,-1.0,-1.0,-1.0,-1.0,0.1916446754401599,0.19224207121607528,0.29186162110889174,0.45214088710042055,0.43548587781510517,0.2362376787285688,0.3110806943321097,0.20960625465063876,0.32714305965998935,0.3122839106868015,0.2603895427559628,0.2412603440372506,0.3006614552014431,0.5814388118713194,-1.0,0.7090187180941576,0.28677672520098274,0.2385361039301805,0.3392935907440708,0.30289491818051023,0.2080607953644055,0.35141973573235874,0.29234922088932636,0.3527274651240719,-1.0,0.2232162787167743,0.3191395996393723,0.310524289209902,0.37937706286277934,0.20726892106163142,0.21589966063272092,0.2856766140728695,0.2951145887789001,0.24654148522754238,0.2539059193933341,0.27484482719131487,-1.0,-1.0,0.2946324892979081,0.43124160619016527,0.20746334567246277,-1.0,-1.0,-1.0
FlowerPot/3,0.2716985233185258,0.4769655452014285,0.2554077265094064,0.5857544517338332,-1.0,-1.0,-1.0,-1.0,0.3027951779867906,0.3017857485795493,0.27385505764648965,0.2561073602053981,0.27128862094951023,0.38122831763943427,0.35204140006864815,0.2791678007858573,0.32392111132705853,0.24326587918026346,0.30597347647063966,0.39531551119237035,0.3570892937487947,0.45540451305872437,-1.0,0.34373002069254727,0.2980483792129138,0.34619531350458466,0.28517652426852225,0.2881605630657402,0.2742571915377944,1.1954572624028692,0.22267180720438726,0.2535738058258582,0.2232162787167743,-1.0,0.3262931697516909,0.6524859715516117,0.8724480893386843,0.23811953600707553,0.3420458551935716,0.2488229293094058,0.2803083391730904,0.2386337422808613,0.2419409470536432,0.27606007067137817,-1.0,-1.0,0.2563731345084272,0.5831130461825532,0.2470072822237841,-1.0,-1.0,-1.0
PhotoFrame/0,0.2264536708140039,0.30408631185875795,0.2917067763484146,-1.0,-1.0,-1.0,-1.0,-1.0,0.23682652457075193,0.26476740183748576,0.4883527860526444,0.3478351609172413,0.3180074922565176,1.0042681395932715,0.485389767983691,0.273811316621716,-1.0,0.45540451305872437,0.4200904034548235,0.29413062340985635,0.24744717002919878,0.3077112437688473,-1.0,0.20700505092324253,0.49509852460639664,0.2718795030042685,0.33007439876948264,0.3051646057883623,0.2278630998496104,-1.0,0.2821153005233239,0.28894426987394806,0.3191395996393723,0.3262931697516909,-1.0,2.410025706940874,-1.0,0.2718006795016988,0.16261673558518797,0.22462151275101458,0.206948288796337,0.22624024904526613,0.2791762439628137,0.19384836073518374,-1.0,-1.0,0.2185197954654714,0.29707264614488826,0.3471579337159785,-1.0,-1.0,-1.0
PhotoFrame/1,0.2477963821728203,0.4070224947765446,0.31673133264708214,0.23081361800346217,-1.0,-1.0,-1.0,-1.0,0.22482014388489208,0.35411391844756457,0.3111847581705448,0.2994572337638031,0.4525569467491326,0.33703320900552736,0.2449359492492713,7.974481658692188,0.33323058723560234,0.36331400502826583,0.5256034584707567,0.26586788138747586,-1.0,0.2807411566535654,-1.0,0.26651919271336527,0.2988419872992156,0.3489975046678416,0.4175295610929253,0.5411109006790942,0.23765388088787487,0.4121586810922205,0.16465851881429397,0.718012541285721,0.310524289209902,0.6524859715516117,2.410025706940874,-1.0,-1.0,0.31576122136440427,0.24570145307839353,0.19978323518981905,0.23576231386565322,0.2117181776993009,0.7825644637477013,0.2752121885974086,-1.0,-1.0,0.16333686322443303,-1.0,0.5048108473754884,-1.0,-1.0,-1.0
PhotoFrame/2,0.5021845025862502,0.4309416074121956,0.5139450421434933,-1.0,-1.0,-1.0,-1.0,-1.0,0.5602083975238789,0.5543544542380399,0.7275725753643925,0.38578014389599363,-1.0,-1.0,21.739130434782588,-1.0,0.4531242919932938,-1.0,0.6502584777449035,0.7553725875287985,0.6168080185042406,-1.0,-1.0,-1.0,-1.0,-1.0,0.4552006676276458,0.6329113924050632,0.5690386092696389,-1.0,-1.0,-1.0,0.37937706286277934,0.8724480893386843,-1.0,-1.0,-1.0,0.6695905453814992,0.5105861529035333,0.6116769122549469,0.4875908137890682,-1.0,-1.0,1.2933264355923433,-1.0,-1.0,0.37737273104645463,0.8407247046954476,-1.0,-1.0,-1.0,-1.0
PhotoFrame/3,0.28813461649282546,0.1698629206230572,0.4750086095310478,0.33027280533720854,-1.0,-1.0,-1.0,-1.0,0.375610366846125,0.31904905151274826,0.4105764493348662,0.36157211555844815,0.8772699359592947,2.250731487733513,1.9888623707239463,-1.0,0.26464302963340325,0.2761896870770846,1.0667235585897916,0.307196067890331,1.0450958875476826,0.6474168069403082,-1.0,0.4664614236402649,0.32561976294881256,0.3354466472107611,0.25403599690076084,0.39228506047728007,0.35338186444271674,0.8288094152749576,0.4198740377886634,0.303789777473988,0.20726892106163142,0.23811953600707553,0.2718006795016988,0.31576122136440427,0.6695905453814992,-1.0,0.2320849740451637,0.3269398430688753,0.18463810930576072,0.3367759317467445,0.37680868167202575,0.31204947856532134,-1.0,-1.0,0.22814577374213252,0.297598381064807,0.27081556106213867,-1.0,-1.0,-1.0
PhotoFrame/4,0.2350501209816799,0.4004859229198094,0.2256437697337565,0.21714321560149877,-1.0,-1.0,-1.0,-1.0,0.18074497916268598,0.17897711002080907,0.22750971656081148,0.20196144959850063,0.27496038851902904,0.3120489916916956,0.2823064436445762,0.24930609802715775,0.25235637767655483,0.29181531009024386,0.2588547747057468,0.32817012339196644,0.31842208211650613,0.2779669497296771,-1.0,0.35163907765069935,0.22383159905294364,0.23824385688215027,0.2443481402488511,0.22812560595864081,0.28680619788193623,0.4133811477527567,0.2766098694401416,0.35109893968120215,0.21589966063272092,0.3420458551935716,0.16261673558518797,0.24570145307839353,0.5105861529035333,0.2320849740451637,-1.0,0.23226811601971062,0.2970406266708535,0.22361859612245355,0.2885350594141777,0.2512582542262424,-1.0,-1.0,0.21983336630833822,0.2819909974374068,0.2170756840757109,-1.0,-1.0,-1.0
PhotoFrame/5,0.24138667359879673,0.2482806564540557,0.2600839420923103,0.3086162572872013,-1.0,-1.0,-1.0,-1.0,0.33898815801368004,0.2604338480663655,0.3123757005025084,0.20714494708741257,0.16421170172586497,0.2291066216395786,0.3566317910494336,0.3772588372882635,0.35426320338959033,0.2282262635176514,0.1794085157533492,0.3295037673264064,0.36954915003695493,0.22028190576890777,-1.0,0.2878443337842895,0.26381279843822825,0.25784382399580574,0.29553360069273077,0.2079277658941284,0.254035351559523,0.34192417831345895,0.2742641492874618,0.3108268772000715,0.2856766140728695,0.2488229293094058,0.22462151275101458,0.19978323518981905,0.6116769122549469,0.3269398430688753,0.23226811601971062,-1.0,0.3170871468725015,0.34133042064707714,0.2530284340702787,0.2659459531336744,-1.0,-1.0,0.28756014799762286,0.3166394004960684,0.21471751958321378,-1.0,-1.0,-1.0
Sofa/Yellow,0.362593632251495,0.47024081031896425,0.2645642626594,0.24756826075869767,-1.0,-1.0,-1.0,-1.0,0.3142549173038185,0.24000038400061438,0.20658880564125165,0.23197953940462454,0.24732655452468474,0.2512653002620338,0.24788062069307423,0.49804930688138127,0.23539135119866506,0.28693684161445016,0.2610659322011774,0.40138612006796803,0.6841583142339137,0.3354516483721277,-1.0,0.4400310955307508,0.2592142567841231,0.4989913246793981,0.5924907719562268,0.2695099971364563,0.32331941263640035,0.6581003932149849,0.3970722539144706,0.46002039423747787,0.2951145887789001,0.2803083391730904,0.206948288796337,0.23576231386565322,0.4875908137890682,0.18463810930576072,0.2970406266708535,0.3170871468725015,-1.0,0.46169916836437297,1.1209191537060388,0.5959949141767323,-1.0,-1.0,0.3936078091789341,0.3523608174770965,0.22611723656907096,-1.0,-1.0,-1.0
Sofa/Blue,0.3164782302537364,0.23301807929022694,0.3044313792644177,0.30487937665233733,-1.0,-1.0,-1.0,-1.0,0.35512264414174466,0.28224402818677025,0.24075645678722546,0.32190827223782575,0.27448246331541876,1.2640626975097966,0.3278043663541599,0.6169412055031155,0.3000315033078473,0.2621025869525332,0.305238658476096,0.7123352724682417,-1.0,0.3499195185107425,-1.0,0.5763079789839691,0.7122507122507123,0.7865654619105675,0.6523440897625468,0.5469920904943714,0.3763744387988278,0.49431537320810676,0.4446561854851516,0.39429067108272214,0.24654148522754238,0.2386337422808613,0.22624024904526613,0.2117181776993009,-1.0,0.3367759317467445,0.22361859612245355,0.34133042064707714,0.46169916836437297,-1.0,-1.0,0.6654300757758499,-1.0,-1.0,0.27767108009422303,0.3728282752963985,0.2840909090909091,-1.0,-1.0,-1.0
Sofa/Green,0.2663669150982095,0.3605877580456143,0.3893360846416648,0.3569601275537523,-1.0,-1.0,-1.0,-1.0,0.25804587023389275,0.2539837348816182,0.391410879656811,0.5027904872039821,0.5868458502662812,0.6056568348373811,0.8129420372327454,0.3166093251999915,1.9040365575019045,0.654278984559016,0.626478096759542,0.4122606311710263,0.5484786573242469,0.5038629492777964,-1.0,-1.0,0.40629926378573405,3.4690101757631826,2.169315038776506,-25.906735751295322,0.5451225162855351,1.622586402725945,-1.0,0.9382183234038561,0.2539059193933341,0.2419409470536432,0.2791762439628137,0.7825644637477013,-1.0,0.37680868167202575,0.2885350594141777,0.2530284340702787,1.1209191537060388,-1.0,-1.0,0.8236214635753407,-1.0,-1.0,0.2578762783295512,0.23392223255378752,0.5112788105609751,-1.0,-1.0,-1.0
Sofa/White,0.22568676482536357,0.2526640263275915,0.3040684356692546,0.33563992548793653,-1.0,-1.0,-1.0,-1.0,0.22666228452916576,0.19690659735554442,0.27207429442066317,0.332726108185894,0.38029010702450156,0.3415907196633282,0.39813898463183517,0.3305238803503553,0.32420465650516644,0.32563213337892183,0.2636605458359211,0.4482455668513438,0.7045478564131469,0.7612474307899211,-1.0,0.49875311720698257,0.32453307803397863,1.4965019267462305,0.5529648130057324,0.462614166567535,0.426704379206086,0.5030012407363939,0.3526808150453636,0.3872791701898314,0.27484482719131487,0.27606007067137817,0.19384836073518374,0.2752121885974086,1.2933264355923433,0.31204947856532134,0.2512582542262424,0.2659459531336744,0.5959949141767323,0.6654300757758499,0.8236214635753407,-1.0,-1.0,-1.0,0.27374479457164075,0.275880143871495,0.30154671927938953,-1.0,-1.0,-1.0
Sofa/Red,-1.0,-1.0,-1.0,-1.0,-1.0,-1.0,-1.0,-1.0,-1.0,-1.0,-1.0,-1.0,-1.0,-1.0,-1.0,-1.0,-1.0,-1.0,-1.0,-1.0,-1.0,-1.0,-1.0,-1.0,-1.0,-1.0,-1.0,-1.0,-1.0,-1.0,-1.0,-1.0,-1.0,-1.0,-1.0,-1.0,-1.0,-1.0,-1.0,-1.0,-1.0,-1.0,-1.0,-1.0,-1.0,-1.0,-1.0,-1.0,-1.0,-1.0,-1.0,-1.0
Sofa/Brown,-1.0,-1.0,-1.0,-1.0,-1.0,-1.0,-1.0,-1.0,-1.0,-1.0,-1.0,-1.0,-1.0,-1.0,-1.0,-1.0,-1.0,-1.0,-1.0,-1.0,-1.0,-1.0,-1.0,-1.0,-1.0,-1.0,-1.0,-1.0,-1.0,-1.0,-1.0,-1.0,-1.0,-1.0,-1.0,-1.0,-1.0,-1.0,-1.0,-1.0,-1.0,-1.0,-1.0,-1.0,-1.0,-1.0,-1.0,-1.0,-1.0,-1.0,-1.0,-1.0
Stand/Yellow,0.293664955924345,0.24766622213755,0.3564698081954785,0.3916024764940613,-1.0,-1.0,-1.0,-1.0,0.25108497681326813,0.21434800413804458,0.24093127970649222,0.192153499202563,0.20938637229734544,0.20332724707107097,0.31532719496393796,0.17504489901659775,0.20279502239617528,0.23118661152095354,0.2537523630688811,0.3744103037715598,0.30674062523964113,0.23288188748182226,-1.0,0.24791046890494406,0.30264511833424124,0.26106252447461165,0.2573737581716168,0.2612466691049689,0.2466638711427937,0.3096886081045509,0.3164043806186496,0.3501978617919125,0.2946324892979081,0.2563731345084272,0.2185197954654714,0.16333686322443303,0.37737273104645463,0.22814577374213252,0.21983336630833822,0.28756014799762286,0.3936078091789341,0.27767108009422303,0.2578762783295512,0.27374479457164075,-1.0,-1.0,-1.0,0.22555352244116578,0.18899355531976358,-1.0,-1.0,-1.0
Stand/Blue,0.31484729905995595,0.8169534173161446,0.3089996137504828,0.7516818882249031,-1.0,-1.0,-1.0,-1.0,0.24694711627504967,0.23780152490227843,0.26853006641643645,0.35153833173969284,0.30288115700601975,-1.0,0.2773989227675166,0.7393988687197309,0.9117848187827674,-1.0,0.282767444984059,0.3465303647232089,0.37098042707266765,0.3241175898616018,-1.0,0.28409090909090906,0.2424830261881668,0.3869070649230055,0.3739809020419358,0.274337132902624,0.542289546465176,0.8234519104084322,-6.9930069930069925,0.3442488919488791,0.43124160619016527,0.5831130461825532,0.29707264614488826,-1.0,0.8407247046954476,0.297598381064807,0.2819909974374068,0.3166394004960684,0.3523608174770965,0.3728282752963985,0.23392223255378752,0.275880143871495,-1.0,-1.0,0.22555352244116578,-1.0,0.23945213351850964,-1.0,-1.0,-1.0
Stand/Green,0.29030826590578257,0.40936420621721886,0.3971195594620354,0.23006884810279477,-1.0,-1.0,-1.0,-1.0,0.19868914834380177,0.2018474811597003,0.25467447031689455,0.30188028290495084,0.2760994510222582,0.2801630548979506,0.35687838476843053,0.3014545180495893,0.335572721964577,0.4374557573154534,0.356003184610306,0.3122462998813464,0.47587775652190467,0.37340184012426814,-1.0,0.3208032914417702,0.27002052155963857,0.35086026551350596,0.3730438513047209,0.3190640787024728,0.34603273469670237,0.39264574519254364,0.20210676087536483,0.4003170511044748,0.20746334567246277,0.2470072822237841,0.3471579337159785,0.5048108473754884,-1.0,0.27081556106213867,0.2170756840757109,0.21471751958321378,0.22611723656907096,0.2840909090909091,0.5112788105609751,0.30154671927938953,-1.0,-1.0,0.18899355531976358,0.23945213351850964,-1.0,-1.0,-1.0,-1.0
Stand/White,-1.0,-1.0,-1.0,-1.0,-1.0,-1.0,-1.0,-1.0,-1.0,-1.0,-1.0,-1.0,-1.0,-1.0,-1.0,-1.0,-1.0,-1.0,-1.0,-1.0,-1.0,-1.0,-1.0,-1.0,-1.0,-1.0,-1.0,-1.0,-1.0,-1.0,-1.0,-1.0,-1.0,-1.0,-1.0,-1.0,-1.0,-1.0,-1.0,-1.0,-1.0,-1.0,-1.0,-1.0,-1.0,-1.0,-1.0,-1.0,-1.0,-1.0,-1.0,-1.0
Stand/Red,-1.0,-1.0,-1.0,-1.0,-1.0,-1.0,-1.0,-1.0,-1.0,-1.0,-1.0,-1.0,-1.0,-1.0,-1.0,-1.0,-1.0,-1.0,-1.0,-1.0,-1.0,-1.0,-1.0,-1.0,-1.0,-1.0,-1.0,-1.0,-1.0,-1.0,-1.0,-1.0,-1.0,-1.0,-1.0,-1.0,-1.0,-1.0,-1.0,-1.0,-1.0,-1.0,-1.0,-1.0,-1.0,-1.0,-1.0,-1.0,-1.0,-1.0,-1.0,-1.0
Stand/Brown,-1.0,-1.0,-1.0,-1.0,-1.0,-1.0,-1.0,-1.0,-1.0,-1.0,-1.0,-1.0,-1.0,-1.0,-1.0,-1.0,-1.0,-1.0,-1.0,-1.0,-1.0,-1.0,-1.0,-1.0,-1.0,-1.0,-1.0,-1.0,-1.0,-1.0,-1.0,-1.0,-1.0,-1.0,-1.0,-1.0,-1.0,-1.0,-1.0,-1.0,-1.0,-1.0,-1.0,-1.0,-1.0,-1.0,-1.0,-1.0,-1.0,-1.0,-1.0,-1.0
