,Bed/Yellow,Bed/Blue,Bed/Green,Bed/White,Bed/Red,Bed/Brown,BookShelf/0,BookShelf/1,BookShelf/2,BookShelf/3,BookShelf/4,BookShelf/5,BookShelf/6,BookShelf/7,BookShelf/8,BookShelf/9,Chair/Yellow,Chair/Blue,Chair/Green,Chair/White,Chair/Red,Chair/Brown,Chair/None,Desk/0,Desk/1,Desk/2,Desk/3,Desk/4,Desk/5,Desk/6,FlowerPot/0,FlowerPot/1,FlowerPot/2,FlowerPot/3,PhotoFrame/0,PhotoFrame/1,PhotoFrame/2,PhotoFrame/3,PhotoFrame/4,PhotoFrame/5,Sofa/Yellow,Sofa/Blue,Sofa/Green,Sofa/White,Sofa/Red,Sofa/Brown,Stand/Yellow,Stand/Blue,Stand/Green,Stand/White,Stand/Red,Stand/Brown
Bed/Yellow,-1.0,0.026629740093736684,0.020123801627613076,0.029688302511927275,-1.0,-1.0,-1.0,-1.0,0.03536768242650595,0.020562803943945794,0.01400585724950174,0.01675328113010933,0.02564444490034569,0.06456403137811925,0.0321456584073755,0.19484821324188456,0.037580422103301064,0.03794720784444681,0.040603530883045594,0.08887624871129439,0.03937519441502243,0.053560429554645024,-1.0,0.07474064994469191,0.06860451554921344,0.03263792788323455,0.019068867213943155,0.0375095180402027,0.0448209403433284,0.11323361226546487,0.08401455132028868,0.10377211643231464,0.015328959470231163,0.02264154360987715,0.032350524402000556,0.03539948316754576,0.2510922512931251,0.057626923298565086,0.013826477704804701,0.018568205661445902,0.030216136020957917,0.03955977878171705,0.05327338301964189,0.015045784321690904,-1.0,-1.0,0.017274409172020295,0.04497818557999371,0.020736304707555896,-1.0,-1.0,-1.0
Bed/Blue,0.026629740093736684,-1.0,0.028870193834481406,0.03107694028876693,-1.0,-1.0,-1.0,-1.0,0.044309546491791654,0.01842326342318973,0.01972238767114102,0.07086469095908272,0.17548785624034816,0.15409507666230066,0.03732095272928127,0.0922875310316823,0.03514950843412455,0.07215371627715685,0.04073203615375529,0.06696667738133505,0.1573910853689247,0.0695903909588164,-1.0,0.08851124092759781,0.03600450776437209,0.1386001386001386,0.06657700962703558,0.04386138049308965,0.046251971490284774,-1.0,0.07511060035902868,0.07640995468889687,0.02659546175040691,0.05962069315017856,0.06081726237175159,0.13567416492551487,0.14364720247073187,0.024266131517579597,0.04449843587997882,0.031035082056756962,0.047024081031896425,0.029127259911278368,0.18029387902280716,0.03158300329094894,-1.0,-1.0,0.019051247856734614,0.1633906834632289,0.05117052577715236,-1.0,-1.0,-1.0
Bed/Green,0.020123801627613076,0.028870193834481406,-1.0,0.07964954201513341,-1.0,-1.0,-1.0,-1.0,0.030645611088807912,0.021026337590465814,0.03115303617490561,0.06777731086741402,0.07531027834678877,0.07394918212204572,0.06344090796627481,0.056037163847063365,0.036040321912155324,0.0319732959032616,0.044560896921733234,0.08702008423544154,0.10685587279876903,0.1307753671518433,-1.0,0.19330021456323815,0.036365090967275054,0.048481087527755415,0.0341174664369424,0.05247195374072558,0.048538505596489694,0.15012986233091624,0.04959948416536468,0.12055019107205284,0.027793759189311637,0.021283977209117202,0.05834135526968292,0.07918283316177054,0.17131501404783112,0.11875215238276195,0.01611741212383975,0.032510492761538785,0.022047021888283332,0.038053922408052214,0.0973340211604162,0.02533903630577122,-1.0,-1.0,0.023764653879698568,0.0772499034376207,0.026474637297469027,-1.0,-1.0,-1.0
Bed/White,0.029688302511927275,0.03107694028876693,0.07964954201513341,-1.0,-1.0,-1.0,-1.0,-1.0,0.03266073983107865,0.020953817785600536,0.025371115999279457,0.06492536828915163,0.05319714863283327,0.04891267131663128,0.07815247547966081,0.2715104124243165,0.07894903050590538,0.05164649010453249,0.04715668752564145,0.06504699645493871,-1.0,0.04569548528605374,-1.0,0.07373489356368114,0.05318979181515484,0.09362068642687288,0.04870612187245815,0.12248747565561423,0.04968080085450978,0.12378842083111548,0.1217181737405212,0.18134996917050525,0.024969786558264498,0.11715089034676664,-1.0,0.046162723600692436,-1.0,0.08256820133430214,0.024127023955722086,0.030861625728720133,0.024756826075869768,0.04355419666461962,0.1189867091845841,0.05593998758132276,-1.0,-1.0,0.039160247649406135,0.18792047205622578,0.028758606012849346,-1.0,-1.0,-1.0
Bed/Red,-1.0,-1.0,-1.0,-1.0,-1.0,-1.0,-1.0,-1.0,-1.0,-1.0,-1.0,-1.0,-1.0,-1.0,-1.0,-1.0,-1.0,-1.0,-1.0,-1.0,-1.0,-1.0,-1.0,-1.0,-1.0,-1.0,-1.0,-1.0,-1.0,-1.0,-1.0,-1.0,-1.0,-1.0,-1.0,-1.0,-1.0,-1.0,-1.0,-1.0,-1.0,-1.0,-1.0,-1.0,-1.0,-1.0,-1.0,-1.0,-1.0,-1.0,-1.0,-1.0
Bed/Brown,-1.0,-1.0,-1.0,-1.0,-1.0,-1.0,-1.0,-1.0,-1.0,-1.0,-1.0,-1.0,-1.0,-1.0,-1.0,-1.0,-1.0,-1.0,-1.0,-1.0,-1.0,-1.0,-1.0,-1.0,-1.0,-1.0,-1.0,-1.0,-1.0,-1.0,-1.0,-1.0,-1.0,-1.0,-1.0,-1.0,-1.0,-1.0,-1.0,-1.0,-1.0,-1.0,-1.0,-1.0,-1.0,-1.0,-1.0,-1.0,-1.0,-1.0,-1.0,-1.0
BookShelf/0,-1.0,-1.0,-1.0,-1.0,-1.0,-1.0,-1.0,-1.0,-1.0,-1.0,-1.0,-1.0,-1.0,-1.0,-1.0,-1.0,-1.0,-1.0,-1.0,-1.0,-1.0,-1.0,-1.0,-1.0,-1.0,-1.0,-1.0,-1.0,-1.0,-1.0,-1.0,-1.0,-1.0,-1.0,-1.0,-1.0,-1.0,-1.0,-1.0,-1.0,-1.0,-1.0,-1.0,-1.0,-1.0,-1.0,-1.0,-1.0,-1.0,-1.0,-1.0,-1.0
BookShelf/1,-1.0,-1.0,-1.0,-1.0,-1.0,-1.0,-1.0,-1.0,-1.0,-1.0,-1.0,-1.0,-1.0,-1.0,-1.0,-1.0,-1.0,-1.0,-1.0,-1.0,-1.0,-1.0,-1.0,-1.0,-1.0,-1.0,-1.0,-1.0,-1.0,-1.0,-1.0,-1.0,-1.0,-1.0,-1.0,-1.0,-1.0,-1.0,-1.0,-1.0,-1.0,-1.0,-1.0,-1.0,-1.0,-1.0,-1.0,-1.0,-1.0,-1.0,-1.0,-1.0
BookShelf/2,0.03536768242650595,0.044309546491791654,0.030645611088807912,0.03266073983107865,-1.0,-1.0,-1.0,-1.0,-1.0,0.07094462771806605,0.02750675978621746,0.04536443519009966,0.023530795929172302,0.23287766936028503,0.08089698577830991,0.07974100122801142,0.06039741499063841,0.03601293584655608,0.034954524164062556,0.07486767139081674,0.15390061098542562,0.033341001763739,-1.0,0.07749294814171911,0.04556327599954437,0.051629691202816914,0.0348216088976175,0.07422857948767435,0.04275879762261085,0.12654223347042076,0.09409639234431752,0.06676057654433903,0.01916446754401599,0.03784939724834883,0.05920663114268798,0.07494004796163069,0.2801041987619394,0.0626017278076875,0.02582071130895514,0.03766535089040889,0.03142549173038185,0.05073180630596352,0.051609174046778554,0.037777047421527626,-1.0,-1.0,0.01931422898563601,0.06173677906876242,0.024836143542975222,-1.0,-1.0,-1.0
BookShelf/3,0.020562803943945794,0.01842326342318973,0.021026337590465814,0.020953817785600536,-1.0,-1.0,-1.0,-1.0,0.07094462771806605,-1.0,0.016847638382289764,0.024961870742440925,0.022005928397110183,0.0692060679880412,0.044816521162361296,0.20945040214477212,0.03818572006812332,0.037000037000037005,0.030892611105275844,0.04761768711370152,0.04088558169961363,0.02852554319765634,-1.0,0.08448514751106755,0.03114963975441624,0.036813565062454215,0.017720787724455924,0.04016983807538271,0.03222905836360179,0.12975385693339733,0.06312573383665585,0.033145069339485064,0.012015129451004705,0.0274350680526863,0.052953480367497155,0.08852847961189114,0.1847848180793466,0.04557843593039261,0.011931807334720605,0.0173622565377577,0.01600002560004096,0.03136044757630781,0.05079674697632364,0.016408883112962035,-1.0,-1.0,0.011281473902002346,0.029725190612784804,0.01441767722569288,-1.0,-1.0,-1.0
BookShelf/4,0.01400585724950174,0.01972238767114102,0.03115303617490561,0.025371115999279457,-1.0,-1.0,-1.0,-1.0,0.02750675978621746,0.016847638382289764,-1.0,0.06291880328436153,0.06529247765364952,0.12620685303211962,0.07171851915601646,0.049892730629147335,0.05843442488839024,0.059855150535703595,0.027851972337421076,0.0389555244777038,0.05583005331770092,0.06200166164453208,-1.0,0.0596050568930268,0.033350342007757286,0.04819950740103436,0.02113798453545051,0.03700222753409755,0.05841599196195949,0.06862758554428537,0.05839518356525954,0.047288478635065356,0.018241351319305734,0.02282125480387414,0.08139213100877407,0.0777961895426362,0.24252419178813084,0.0684294082224777,0.01263942869782286,0.020825046700167226,0.01377258704275011,0.030094557098403182,0.07828217593136219,0.018138286294710877,-1.0,-1.0,0.013385071094805124,0.029836674046270717,0.01591715439480591,-1.0,-1.0,-1.0
BookShelf/5,0.01675328113010933,0.07086469095908272,0.06777731086741402,0.06492536828915163,-1.0,-1.0,-1.0,-1.0,0.04536443519009966,0.024961870742440925,0.06291880328436153,-1.0,0.11751571772724603,6.872852233676977,0.03891656288916563,-1.0,0.07709268082088287,0.09585889570552149,-1.0,0.05255357837315143,0.05744485294117648,0.241551728302616,-1.0,0.07678604336875729,0.06731422955498563,0.08411277841329655,0.08387361923054343,0.0596050568930268,0.04905519690756039,0.20654329147389294,0.057170625732498634,0.052905574131290475,0.07535681451673676,0.03201342002567476,0.08695879022931033,0.07486430844095078,0.19289007194799682,0.1205240385194827,0.020196144959850063,0.02589311838592657,0.028997442425578068,0.08047706805945644,0.12569762180099553,0.04159076352323675,-1.0,-1.0,0.017468499927505727,0.07030766634793857,0.043125754700707265,-1.0,-1.0,-1.0
BookShelf/6,0.02564444490034569,0.17548785624034816,0.07531027834678877,0.05319714863283327,-1.0,-1.0,-1.0,-1.0,0.023530795929172302,0.022005928397110183,0.06529247765364952,0.11751571772724603,-1.0,0.3904877191612324,0.09964029852233439,0.07992582883084497,0.15696615809631442,0.37491095864732127,0.7479991024010771,0.08500582289886857,0.20337604230221681,0.0883665444262802,-1.0,0.05613278772263666,0.757920266787934,0.05558829088240853,0.2967094917366407,0.07676953784738216,0.04989571794948557,0.419339958904684,0.07018184115042074,0.10407018493271862,0.06221226825930074,0.030143180105501134,0.06360149845130351,0.1508523155830442,-1.0,0.29242331198643157,0.03437004856487863,0.023458814532266423,0.030915819315585593,0.05489649266308375,0.1467114625665703,0.054327158146357364,-1.0,-1.0,0.020938637229734543,0.07572028925150494,0.04601657517037637,-1.0,-1.0,-1.0
BookShelf/7,0.06456403137811925,0.15409507666230066,0.07394918212204572,0.04891267131663128,-1.0,-1.0,-1.0,-1.0,0.23287766936028503,0.0692060679880412,0.12620685303211962,6.872852233676977,0.3904877191612324,-1.0,0.13903758185837634,0.1449443413729128,0.6592827004219409,0.14633575275111213,0.08499065102838688,-1.0,-1.0,0.1421928988866296,-1.0,0.16935087808430288,0.1713296897219319,0.1702910273657681,0.1336898395721925,0.08876658825618036,0.1789452964228835,-1.0,0.13565023942267257,0.204637076145456,0.0590594196821422,0.09530707940985857,0.5021340697966358,0.11234440300184245,-1.0,1.1253657438667566,0.0780122479229239,0.04582132432791572,0.035895042894576255,0.6320313487548983,0.30282841741869054,0.06831814393266564,-1.0,-1.0,0.0406654494142142,-1.0,0.07004076372448766,-1.0,-1.0,-1.0
BookShelf/8,0.0321456584073755,0.03732095272928127,0.06344090796627481,0.07815247547966081,-1.0,-1.0,-1.0,-1.0,0.08089698577830991,0.044816521162361296,0.07171851915601646,0.03891656288916563,0.09964029852233439,0.13903758185837634,-1.0,0.08641399215360951,0.12284861365339492,0.14026622529561106,0.08772468484906967,0.1287001287001287,0.08024136602901528,0.14068655036578503,-1.0,0.15277438279149352,0.08772237622372715,0.06490640496404186,0.10017731384550654,0.060763308683684444,0.11527111766875692,-1.0,0.09684948621347564,0.23688262465948123,0.04444009919030139,0.04400517500858102,0.0970779535967382,0.08164531641642377,10.869565217391294,0.9944311853619732,0.02823064436445762,0.0445789738811792,0.04131343678217904,0.10926812211805328,0.2709806790775818,0.05687699780454788,-1.0,-1.0,0.02866610863308527,0.0462331537945861,0.04460979809605382,-1.0,-1.0,-1.0
BookShelf/9,0.19484821324188456,0.0922875310316823,0.056037163847063365,0.2715104124243165,-1.0,-1.0,-1.0,-1.0,0.07974100122801142,0.20945040214477212,0.049892730629147335,-1.0,0.07992582883084497,0.1449443413729128,0.08641399215360951,-1.0,-1.0,0.12882281709736426,0.04221992358193832,0.16089586819410476,-1.0,0.14568976820757878,-1.0,0.3684191135836127,0.11469994494402644,0.12828736369467608,0.2628397203385376,0.16044410929452724,0.18152773743828057,-1.0,0.3488453219842322,-1.0,0.05240156366265969,0.06979195019646432,0.136905658310858,3.987240829346094,-1.0,-1.0,0.08310203267571925,0.0754517674576527,0.1660164356271271,0.2056470685010385,0.10553644173333052,0.08263097008758882,-1.0,-1.0,0.03500897980331955,0.36969943435986546,0.07536362951239732,-1.0,-1.0,-1.0
Chair/Yellow,0.037580422103301064,0.03514950843412455,0.036040321912155324,0.07894903050590538,-1.0,-1.0,-1.0,-1.0,0.06039741499063841,0.03818572006812332,0.05843442488839024,0.07709268082088287,0.15696615809631442,0.6592827004219409,0.12284861365339492,-1.0,-1.0,0.1072926837118977,37.17472118959118,0.14091453533431972,-15.673981191222579,0.2750048125842202,-1.0,0.4998750312421894,0.08764625969586748,0.11187058810368165,0.07490917262818833,0.8991188635137565,0.190110454173875,0.20045302383386454,0.055965659471348385,0.10001900361068602,0.05452384327666489,0.04627444447529407,-1.0,0.08330764680890058,0.15104143066443126,0.06616075740835081,0.025235637767655483,0.07085264067791806,0.02615459457762945,0.05000525055130788,0.9520182787509522,0.04631495092930949,-1.0,-1.0,0.02534937779952191,0.4558924093913837,0.033557272196457696,-1.0,-1.0,-1.0
Chair/Blue,0.03794720784444681,0.07215371627715685,0.0319732959032616,0.05164649010453249,-1.0,-1.0,-1.0,-1.0,0.03601293584655608,0.037000037000037005,0.059855150535703595,0.09585889570552149,0.37491095864732127,0.14633575275111213,0.14026622529561106,0.12882281709736426,0.1072926837118977,-1.0,0.39799410968717663,-1.0,0.35540391655116044,0.1992269992429374,-1.0,0.33076439652035855,0.08214024625645829,0.08448229251148959,0.060441586228989,0.35474830607683844,0.1108893324462187,0.18029062849313093,0.039833337316667064,0.2351502610167897,0.044611987240971644,0.03475226845432335,0.22770225652936218,0.07266280100565317,-1.0,0.05523793741541691,0.03647691376128048,0.03803771058627523,0.03586710520180627,0.03276282336906665,0.163569746139754,0.04070401667236523,-1.0,-1.0,0.023118661152095356,-1.0,0.03976870521049576,-1.0,-1.0,-1.0
Chair/Green,0.040603530883045594,0.04073203615375529,0.044560896921733234,0.04715668752564145,-1.0,-1.0,-1.0,-1.0,0.034954524164062556,0.030892611105275844,0.027851972337421076,-1.0,0.7479991024010771,0.08499065102838688,0.08772468484906967,0.04221992358193832,37.17472118959118,0.39799410968717663,-1.0,0.07895277045271518,1.6082341588935352,0.1525506468147425,-1.0,0.19798451761072283,0.09419743782969103,0.045908201959362065,0.04660679247393514,-2.479543763947434,0.8878629139660835,-2.3992322456813824,0.12974038948064923,0.5053567818880129,0.026038954275596285,0.043710496638662805,0.0840180806909647,0.13140086461768918,0.32512923887245176,0.5333617792948958,0.02588547747057468,0.025629787964764172,0.032633241525147176,0.076309664619024,0.1566195241898855,0.02929561620399123,-1.0,-1.0,0.02537523630688811,0.07069186124601474,0.032363925873664184,-1.0,-1.0,-1.0
Chair/White,0.08887624871129439,0.06696667738133505,0.08702008423544154,0.06504699645493871,-1.0,-1.0,-1.0,-1.0,0.07486767139081674,0.04761768711370152,0.0389555244777038,0.05255357837315143,0.08500582289886857,-1.0,0.1287001287001287,0.16089586819410476,0.14091453533431972,-1.0,0.07895277045271518,-1.0,0.5518459246178468,0.09963632740497184,-1.0,0.11548677676406054,0.1314647805852812,0.21464294146686985,0.10473836356780762,0.24769642326364805,0.1318426326336884,-12.437810945273627,-1.0,0.1580178244105935,0.02412603440372506,0.09882887779809259,0.14706531170492818,0.08862262712915862,0.3776862937643993,0.1535980339451655,0.041021265423995805,0.05491729455440107,0.06689768667799467,0.23744509082274723,0.10306515779275657,0.08964911337026876,-1.0,-1.0,0.06240171729525997,0.08663259118080223,0.04460661426876377,-1.0,-1.0,-1.0
Chair/Red,0.03937519441502243,0.1573910853689247,0.10685587279876903,-1.0,-1.0,-1.0,-1.0,-1.0,0.15390061098542562,0.04088558169961363,0.05583005331770092,0.05744485294117648,0.20337604230221681,-1.0,0.08024136602901528,-1.0,-15.673981191222579,0.35540391655116044,1.6082341588935352,0.5518459246178468,-1.0,1.4285714285714286,-1.0,-1.0,0.5237795935470355,-1.0,0.14764506127270044,0.14374218401874397,0.7694083249980764,-1.0,-1.0,0.11549477963596046,0.07516536380036078,0.07141785874975895,0.08248239000973293,-1.0,0.3084040092521203,0.5225479437738413,0.045488868873786586,0.09238728750923873,0.17103957855847843,-1.0,0.13711966433106174,0.11742464273552448,-1.0,-1.0,0.05112343753994019,0.07419608541453353,0.09517555130438093,-1.0,-1.0,-1.0
Chair/Brown,0.053560429554645024,0.0695903909588164,0.1307753671518433,0.04569548528605374,-1.0,-1.0,-1.0,-1.0,0.033341001763739,0.02852554319765634,0.06200166164453208,0.241551728302616,0.0883665444262802,0.1421928988866296,0.14068655036578503,0.14568976820757878,0.2750048125842202,0.1992269992429374,0.1525506468147425,0.09963632740497184,1.4285714285714286,-1.0,-1.0,0.07160348852196079,0.3034717164360281,0.1561231499406732,0.19410691408827985,0.224069551188689,0.09335847788337659,0.1321772232208946,0.07289586097301395,0.0716168213590008,0.08306268741018849,0.11385112826468109,0.07692781094221182,0.07018528916339135,-1.0,0.16185420173507706,0.04632782495494619,0.02753523822111347,0.03727240537468086,0.05831991975179041,0.16795431642593214,0.25374914359664036,-1.0,-1.0,0.02587576527575803,0.08102939746540044,0.07468036802485363,-1.0,-1.0,-1.0
Chair/None,-1.0,-1.0,-1.0,-1.0,-1.0,-1.0,-1.0,-1.0,-1.0,-1.0,-1.0,-1.0,-1.0,-1.0,-1.0,-1.0,-1.0,-1.0,-1.0,-1.0,-1.0,-1.0,-1.0,-1.0,-1.0,-1.0,-1.0,-1.0,-1.0,-1.0,-1.0,-1.0,-1.0,-1.0,-1.0,-1.0,-1.0,-1.0,-1.0,-1.0,-1.0,-1.0,-1.0,-1.0,-1.0,-1.0,-1.0,-1.0,-1.0,-1.0,-1.0,-1.0
Desk/0,0.07474064994469191,0.08851124092759781,0.19330021456323815,0.07373489356368114,-1.0,-1.0,-1.0,-1.0,0.07749294814171911,0.08448514751106755,0.0596050568930268,0.07678604336875729,0.05613278772263666,0.16935087808430288,0.15277438279149352,0.3684191135836127,0.4998750312421894,0.33076439652035855,0.19798451761072283,0.11548677676406054,-1.0,0.07160348852196079,-1.0,-1.0,-1.0,0.07594802117430831,0.1512607584214427,0.06803970797357338,0.1943785717062551,0.21436227224008575,0.10376996274658339,0.10139314176789081,0.1772546795235394,0.06874600413850945,0.051751262730810633,0.06662979817834132,-1.0,0.15548714121342164,0.08790976941267484,0.04797405563071491,0.0733385159217918,0.09605132983066152,-1.0,0.12468827930174564,-1.0,-1.0,0.035415781272134864,0.0946969696969697,0.08020082286044256,-1.0,-1.0,-1.0
Desk/1,0.06860451554921344,0.03600450776437209,0.036365090967275054,0.05318979181515484,-1.0,-1.0,-1.0,-1.0,0.04556327599954437,0.03114963975441624,0.033350342007757286,0.06731422955498563,0.757920266787934,0.1713296897219319,0.08772237622372715,0.11469994494402644,0.08764625969586748,0.08214024625645829,0.09419743782969103,0.1314647805852812,0.5237795935470355,0.3034717164360281,-1.0,-1.0,-1.0,0.050877380425436665,0.07463354927306923,-1.0,0.09632612171768741,0.18471314049281465,0.08370372230453088,0.34236023143551647,0.03186408057788697,0.05960967584258277,0.16503284153546555,0.0747104968248039,-1.0,0.10853992098293752,0.024870177672549294,0.0439687997397047,0.032401782098015385,0.1780626780626781,0.08125985275714681,0.04056663475424733,-1.0,-1.0,0.030264511833424126,0.0606207565470417,0.030002280173293174,-1.0,-1.0,-1.0
Desk/2,0.03263792788323455,0.1386001386001386,0.048481087527755415,0.09362068642687288,-1.0,-1.0,-1.0,-1.0,0.051629691202816914,0.036813565062454215,0.04819950740103436,0.08411277841329655,0.05558829088240853,0.1702910273657681,0.06490640496404186,0.12828736369467608,0.11187058810368165,0.08448229251148959,0.045908201959362065,0.21464294146686985,-1.0,0.1561231499406732,-1.0,0.07594802117430831,0.050877380425436665,-1.0,0.15115786927867467,0.13215102218815664,0.1117505727216852,-1.0,0.06983386523460687,0.15947437246834434,0.02981701299127256,0.049456473357797806,0.06796987575106712,0.0872493761669604,-1.0,0.16772332360538056,0.023824385688215027,0.04297397066596762,0.07128447495419973,0.19664136547764188,1.1563367252543941,0.1870627408432788,-1.0,-1.0,0.02900694716384574,0.12896902164100182,0.043857533189188246,-1.0,-1.0,-1.0
Desk/3,0.019068867213943155,0.06657700962703558,0.0341174664369424,0.04870612187245815,-1.0,-1.0,-1.0,-1.0,0.0348216088976175,0.017720787724455924,0.02113798453545051,0.08387361923054343,0.2967094917366407,0.1336898395721925,0.10017731384550654,0.2628397203385376,0.07490917262818833,0.060441586228989,0.04660679247393514,0.10473836356780762,0.14764506127270044,0.19410691408827985,-1.0,0.1512607584214427,0.07463354927306923,0.15115786927867467,-1.0,0.09803537116191521,0.059763932466756306,0.13258906670555945,0.3299785513941594,0.06672449456195369,0.030844871885824618,0.03564706553356528,0.06601487975389653,0.08350591221858507,0.15173355587588194,0.06350899922519021,0.01745343858920365,0.029553360069273078,0.059249077195622675,0.10872401496042447,0.5423287596941265,0.06144053477841471,-1.0,-1.0,0.02339761437923789,0.06233015034032263,0.026645989378908636,-1.0,-1.0,-1.0
Desk/4,0.0375095180402027,0.04386138049308965,0.05247195374072558,0.12248747565561423,-1.0,-1.0,-1.0,-1.0,0.07422857948767435,0.04016983807538271,0.03700222753409755,0.0596050568930268,0.07676953784738216,0.08876658825618036,0.060763308683684444,0.16044410929452724,0.8991188635137565,0.35474830607683844,-2.479543763947434,0.24769642326364805,0.14374218401874397,0.224069551188689,-1.0,0.06803970797357338,-1.0,0.13215102218815664,0.09803537116191521,-1.0,0.11918240867647936,0.20079918073934258,0.06720249455659794,0.07584548757271686,0.07572372954512756,0.03602007038321753,0.061032921157672455,0.2705554503395471,0.3164556962025316,0.13076168682576003,0.028515700744830102,0.02599097073676605,0.033688749642057036,0.10939841809887427,-12.953367875647661,0.06608773808107643,-1.0,-1.0,0.02612466691049689,0.068584283225656,0.053177346450412125,-1.0,-1.0,-1.0
Desk/5,0.0448209403433284,0.046251971490284774,0.048538505596489694,0.04968080085450978,-1.0,-1.0,-1.0,-1.0,0.04275879762261085,0.03222905836360179,0.05841599196195949,0.04905519690756039,0.04989571794948557,0.1789452964228835,0.11527111766875692,0.18152773743828057,0.190110454173875,0.1108893324462187,0.8878629139660835,0.1318426326336884,0.7694083249980764,0.09335847788337659,-1.0,0.1943785717062551,0.09632612171768741,0.1117505727216852,0.059763932466756306,0.11918240867647936,-1.0,-1.0,0.0727029502857226,0.08384759860477595,0.026007599420550687,0.0342821489422243,0.0569657749624026,0.05941347022196872,0.28451930463481945,0.07067637288854335,0.03585077473524203,0.0508070703119046,0.053886568772733394,0.053767776971261116,0.13628062907138377,0.06095776845801228,-1.0,-1.0,0.022423988285708518,0.18076318215505865,0.05767212244945039,-1.0,-1.0,-1.0
Desk/6,0.11323361226546487,-1.0,0.15012986233091624,0.12378842083111548,-1.0,-1.0,-1.0,-1.0,0.12654223347042076,0.12975385693339733,0.06862758554428537,0.20654329147389294,0.419339958904684,-1.0,-1.0,-1.0,0.20045302383386454,0.18029062849313093,-2.3992322456813824,-12.437810945273627,-1.0,0.1321772232208946,-1.0,0.21436227224008575,0.18471314049281465,-1.0,0.13258906670555945,0.20079918073934258,-1.0,-1.0,0.2133606434957008,-1.0,0.11713991191078625,0.3984857541342897,-1.0,0.20607934054611024,-1.0,0.4144047076374788,0.10334528693818917,0.08548104457836474,0.16452509830374623,0.12357884330202669,0.8112932013629724,0.16766708024546462,-1.0,-1.0,0.07742215202613772,0.4117259552042161,0.09816143629813591,-1.0,-1.0,-1.0
FlowerPot/0,0.08401455132028868,0.07511060035902868,0.04959948416536468,0.1217181737405212,-1.0,-1.0,-1.0,-1.0,0.09409639234431752,0.06312573383665585,0.05839518356525954,0.057170625732498634,0.07018184115042074,0.13565023942267257,0.09684948621347564,0.3488453219842322,0.055965659471348385,0.039833337316667064,0.12974038948064923,-1.0,-1.0,0.07289586097301395,-1.0,0.10376996274658339,0.08370372230453088,0.06983386523460687,0.3299785513941594,0.06720249455659794,0.0727029502857226,0.2133606434957008,-1.0,0.10769363315240803,0.09744974029644211,0.03181025817205532,0.07052882513083097,0.04116462970357349,-1.0,0.13995801259622112,0.05532197388802832,0.054852829857492354,0.0661787089857451,0.06352231221216452,-1.0,0.0881702037613409,-1.0,-1.0,0.0395505475773312,-3.4965034965034962,0.040421352175072964,-1.0,-1.0,-1.0
FlowerPot/1,0.10377211643231464,0.07640995468889687,0.12055019107205284,0.18134996917050525,-1.0,-1.0,-1.0,-1.0,0.06676057654433903,0.033145069339485064,0.047288478635065356,0.052905574131290475,0.10407018493271862,0.204637076145456,0.23688262465948123,-1.0,0.10001900361068602,0.2351502610167897,0.5053567818880129,0.1580178244105935,0.11549477963596046,0.0716168213590008,-1.0,0.10139314176789081,0.34236023143551647,0.15947437246834434,0.06672449456195369,0.07584548757271686,0.08384759860477595,-1.0,0.10769363315240803,-1.0,0.08818186628101797,0.06339345145646455,0.07223606746848701,0.239337513761907,-1.0,0.151894888736994,0.05015699138302888,0.07770671930001788,0.07667006570624631,0.07885813421654443,0.46910916170192807,0.06454652836497189,-1.0,-1.0,0.05002826597027321,0.08606222298721977,0.08006341022089496,-1.0,-1.0,-1.0
FlowerPot/2,0.015328959470231163,0.02659546175040691,0.027793759189311637,0.024969786558264498,-1.0,-1.0,-1.0,-1.0,0.01916446754401599,0.012015129451004705,0.018241351319305734,0.07535681451673676,0.06221226825930074,0.0590594196821422,0.04444009919030139,0.05240156366265969,0.05452384327666489,0.044611987240971644,0.026038954275596285,0.02412603440372506,0.07516536380036078,0.08306268741018849,-1.0,0.1772546795235394,0.03186408057788697,0.02981701299127256,0.030844871885824618,0.07572372954512756,0.026007599420550687,0.11713991191078625,0.09744974029644211,0.08818186628101797,-1.0,0.02232162787167743,0.07978489990984307,0.062104857841980395,0.18968853143138967,0.03454482017693857,0.013493728789545058,0.0219751241594515,0.02107961348420715,0.030817685653442797,0.042317653232222356,0.02290373559927624,-1.0,-1.0,0.017331322899876947,0.06160594374145218,0.014818810405175912,-1.0,-1.0,-1.0
FlowerPot/3,0.02264154360987715,0.05962069315017856,0.021283977209117202,0.11715089034676664,-1.0,-1.0,-1.0,-1.0,0.03784939724834883,0.0274350680526863,0.02282125480387414,0.03201342002567476,0.030143180105501134,0.09530707940985857,0.04400517500858102,0.06979195019646432,0.04627444447529407,0.03475226845432335,0.043710496638662805,0.09882887779809259,0.07141785874975895,0.11385112826468109,-1.0,0.06874600413850945,0.05960967584258277,0.049456473357797806,0.03564706553356528,0.03602007038321753,0.0342821489422243,0.3984857541342897,0.03181025817205532,0.06339345145646455,0.02232162787167743,-1.0,0.046613309964527276,0.21749532385053724,0.29081602977956145,0.03401707657243936,0.02631121963027474,0.027646992145489532,0.031145371019232267,0.026514860253429032,0.04838818941072864,0.021235390051644473,-1.0,-1.0,0.015080772618142776,0.09718550769709221,0.022455207474889462,-1.0,-1.0,-1.0
PhotoFrame/0,0.032350524402000556,0.06081726237175159,0.05834135526968292,-1.0,-1.0,-1.0,-1.0,-1.0,0.05920663114268798,0.052953480367497155,0.08139213100877407,0.08695879022931033,0.06360149845130351,0.5021340697966358,0.0970779535967382,0.136905658310858,-1.0,0.22770225652936218,0.0840180806909647,0.14706531170492818,0.08248239000973293,0.07692781094221182,-1.0,0.051751262730810633,0.16503284153546555,0.06796987575106712,0.06601487975389653,0.061032921157672455,0.0569657749624026,-1.0,0.07052882513083097,0.07223606746848701,0.07978489990984307,0.046613309964527276,-1.0,0.8033419023136246,-1.0,0.09060022650056626,0.023230962226455425,0.07487383758367153,0.05173707219908425,0.045248049809053226,0.09305874798760458,0.02769262296216911,-1.0,-1.0,0.024279977273941267,0.05941452922897766,0.05785965561932975,-1.0,-1.0,-1.0
PhotoFrame/1,0.03539948316754576,0.13567416492551487,0.07918283316177054,0.046162723600692436,-1.0,-1.0,-1.0,-1.0,0.07494004796163069,0.08852847961189114,0.0777961895426362,0.07486430844095078,0.1508523155830442,0.11234440300184245,0.08164531641642377,3.987240829346094,0.08330764680890058,0.07266280100565317,0.13140086461768918,0.08862262712915862,-1.0,0.07018528916339135,-1.0,0.06662979817834132,0.0747104968248039,0.0872493761669604,0.08350591221858507,0.2705554503395471,0.05941347022196872,0.20607934054611024,0.04116462970357349,0.239337513761907,0.062104857841980395,0.21749532385053724,0.8033419023136246,-1.0,-1.0,0.15788061068220213,0.049140290615678706,0.04994580879745476,0.04715246277313064,0.04234363553986018,0.39128223187385064,0.055042437719481724,-1.0,-1.0,0.027222810537405506,-1.0,0.10096216947509767,-1.0,-1.0,-1.0
PhotoFrame/2,0.2510922512931251,0.14364720247073187,0.17131501404783112,-1.0,-1.0,-1.0,-1.0,-1.0,0.2801041987619394,0.1847848180793466,0.24252419178813084,0.19289007194799682,-1.0,-1.0,10.869565217391294,-1.0,0.15104143066443126,-1.0,0.32512923887245176,0.3776862937643993,0.3084040092521203,-1.0,-1.0,-1.0,-1.0,-1.0,0.15173355587588194,0.3164556962025316,0.28451930463481945,-1.0,-1.0,-1.0,0.18968853143138967,0.29081602977956145,-1.0,-1.0,-1.0,0.3347952726907496,0.17019538430117775,0.30583845612747346,0.2437954068945341,-1.0,-1.0,0.6466632177961716,-1.0,-1.0,0.1257909103488182,0.4203623523477238,-1.0,-1.0,-1.0,-1.0
PhotoFrame/3,0.057626923298565086,0.024266131517579597,0.11875215238276195,0.08256820133430214,-1.0,-1.0,-1.0,-1.0,0.0626017278076875,0.04557843593039261,0.0684294082224777,0.1205240385194827,0.29242331198643157,1.1253657438667566,0.9944311853619732,-1.0,0.06616075740835081,0.05523793741541691,0.5333617792948958,0.1535980339451655,0.5225479437738413,0.16185420173507706,-1.0,0.15548714121342164,0.10853992098293752,0.16772332360538056,0.06350899922519021,0.13076168682576003,0.07067637288854335,0.4144047076374788,0.13995801259622112,0.151894888736994,0.03454482017693857,0.03401707657243936,0.09060022650056626,0.15788061068220213,0.3347952726907496,-1.0,0.07736165801505457,0.1089799476896251,0.03692762186115214,0.056129321957790745,0.12560289389067525,0.06240989571306427,-1.0,-1.0,0.028518221717766565,0.09919946035493567,0.06770389026553467,-1.0,-1.0,-1.0
PhotoFrame/4,0.013826477704804701,0.04449843587997882,0.01611741212383975,0.024127023955722086,-1.0,-1.0,-1.0,-1.0,0.02582071130895514,0.011931807334720605,0.01263942869782286,0.020196144959850063,0.03437004856487863,0.0780122479229239,0.02823064436445762,0.08310203267571925,0.025235637767655483,0.03647691376128048,0.02588547747057468,0.041021265423995805,0.045488868873786586,0.04632782495494619,-1.0,0.08790976941267484,0.024870177672549294,0.023824385688215027,0.01745343858920365,0.028515700744830102,0.03585077473524203,0.10334528693818917,0.05532197388802832,0.05015699138302888,0.013493728789545058,0.02631121963027474,0.023230962226455425,0.049140290615678706,0.17019538430117775,0.07736165801505457,-1.0,0.017866778155362355,0.02121718761934668,0.03194551373177908,0.04808917656902961,0.01570364088914015,-1.0,-1.0,0.01221296479490768,0.03524887467967585,0.012769157886806524,-1.0,-1.0,-1.0
PhotoFrame/5,0.018568205661445902,0.031035082056756962,0.032510492761538785,0.030861625728720133,-1.0,-1.0,-1.0,-1.0,0.03766535089040889,0.0173622565377577,0.020825046700167226,0.02589311838592657,0.023458814532266423,0.04582132432791572,0.0445789738811792,0.0754517674576527,0.07085264067791806,0.03803771058627523,0.025629787964764172,0.05491729455440107,0.09238728750923873,0.02753523822111347,-1.0,0.04797405563071491,0.0439687997397047,0.04297397066596762,0.029553360069273078,0.02599097073676605,0.0508070703119046,0.08548104457836474,0.054852829857492354,0.07770671930001788,0.0219751241594515,0.027646992145489532,0.07487383758367153,0.04994580879745476,0.30583845612747346,0.1089799476896251,0.017866778155362355,-1.0,0.022649081919464395,0.04266630258088464,0.06325710851756967,0.0332432441417093,-1.0,-1.0,0.019170676533174856,0.0527732334160114,0.01951977450756489,-1.0,-1.0,-1.0
Sofa/Yellow,0.030216136020957917,0.047024081031896425,0.022047021888283332,0.024756826075869768,-1.0,-1.0,-1.0,-1.0,0.03142549173038185,0.01600002560004096,0.01377258704275011,0.028997442425578068,0.030915819315585593,0.035895042894576255,0.04131343678217904,0.1660164356271271,0.02615459457762945,0.03586710520180627,0.032633241525147176,0.06689768667799467,0.17103957855847843,0.03727240537468086,-1.0,0.0733385159217918,0.032401782098015385,0.07128447495419973,0.059249077195622675,0.033688749642057036,0.053886568772733394,0.16452509830374623,0.0661787089857451,0.07667006570624631,0.02107961348420715,0.031145371019232267,0.05173707219908425,0.04715246277313064,0.2437954068945341,0.03692762186115214,0.02121718761934668,0.022649081919464395,-1.0,0.05771239604554662,0.2802297884265097,0.06622165713074804,-1.0,-1.0,0.024600488073683383,0.08809020436927413,0.017393633582236227,-1.0,-1.0,-1.0
Sofa/Blue,0.03955977878171705,0.029127259911278368,0.038053922408052214,0.04355419666461962,-1.0,-1.0,-1.0,-1.0,0.05073180630596352,0.03136044757630781,0.030094557098403182,0.08047706805945644,0.05489649266308375,0.6320313487548983,0.10926812211805328,0.2056470685010385,0.05000525055130788,0.03276282336906665,0.076309664619024,0.23744509082274723,-1.0,0.05831991975179041,-1.0,0.09605132983066152,0.1780626780626781,0.19664136547764188,0.10872401496042447,0.10939841809887427,0.053767776971261116,0.12357884330202669,0.06352231221216452,0.07885813421654443,0.030817685653442797,0.026514860253429032,0.045248049809053226,0.04234363553986018,-1.0,0.056129321957790745,0.03194551373177908,0.04266630258088464,0.05771239604554662,-1.0,-1.0,0.08317875947198124,-1.0,-1.0,0.023139256674518587,0.12427609176546617,0.03156565656565657,-1.0,-1.0,-1.0
Sofa/Green,0.05327338301964189,0.18029387902280716,0.0973340211604162,0.1189867091845841,-1.0,-1.0,-1.0,-1.0,0.051609174046778554,0.05079674697632364,0.07828217593136219,0.12569762180099553,0.1467114625665703,0.30282841741869054,0.2709806790775818,0.10553644173333052,0.9520182787509522,0.163569746139754,0.1566195241898855,0.10306515779275657,0.13711966433106174,0.16795431642593214,-1.0,-1.0,0.08125985275714681,1.1563367252543941,0.5423287596941265,-12.953367875647661,0.13628062907138377,0.8112932013629724,-1.0,0.46910916170192807,0.042317653232222356,0.04838818941072864,0.09305874798760458,0.39128223187385064,-1.0,0.12560289389067525,0.04808917656902961,0.06325710851756967,0.2802297884265097,-1.0,-1.0,0.13727024392922346,-1.0,-1.0,0.03683946833279302,0.05848055813844688,0.10225576211219503,-1.0,-1.0,-1.0
Sofa/White,0.015045784321690904,0.03158300329094894,0.02533903630577122,0.05593998758132276,-1.0,-1.0,-1.0,-1.0,0.037777047421527626,0.016408883112962035,0.018138286294710877,0.04159076352323675,0.054327158146357364,0.06831814393266564,0.05687699780454788,0.08263097008758882,0.04631495092930949,0.04070401667236523,0.02929561620399123,0.08964911337026876,0.11742464273552448,0.25374914359664036,-1.0,0.12468827930174564,0.04056663475424733,0.1870627408432788,0.06144053477841471,0.06608773808107643,0.06095776845801228,0.16766708024546462,0.0881702037613409,0.06454652836497189,0.02290373559927624,0.021235390051644473,0.02769262296216911,0.055042437719481724,0.6466632177961716,0.06240989571306427,0.01570364088914015,0.0332432441417093,0.06622165713074804,0.08317875947198124,0.13727024392922346,-1.0,-1.0,-1.0,0.017109049660727547,0.034485017983936876,0.02153905137709925,-1.0,-1.0,-1.0
Sofa/Red,-1.0,-1.0,-1.0,-1.0,-1.0,-1.0,-1.0,-1.0,-1.0,-1.0,-1.0,-1.0,-1.0,-1.0,-1.0,-1.0,-1.0,-1.0,-1.0,-1.0,-1.0,-1.0,-1.0,-1.0,-1.0,-1.0,-1.0,-1.0,-1.0,-1.0,-1.0,-1.0,-1.0,-1.0,-1.0,-1.0,-1.0,-1.0,-1.0,-1.0,-1.0,-1.0,-1.0,-1.0,-1.0,-1.0,-1.0,-1.0,-1.0,-1.0,-1.0,-1.0
Sofa/Brown,-1.0,-1.0,-1.0,-1.0,-1.0,-1.0,-1.0,-1.0,-1.0,-1.0,-1.0,-1.0,-1.0,-1.0,-1.0,-1.0,-1.0,-1.0,-1.0,-1.0,-1.0,-1.0,-1.0,-1.0,-1.0,-1.0,-1.0,-1.0,-1.0,-1.0,-1.0,-1.0,-1.0,-1.0,-1.0,-1.0,-1.0,-1.0,-1.0,-1.0,-1.0,-1.0,-1.0,-1.0,-1.0,-1.0,-1.0,-1.0,-1.0,-1.0,-1.0,-1.0
Stand/Yellow,0.017274409172020295,0.019051247856734614,0.023764653879698568,0.039160247649406135,-1.0,-1.0,-1.0,-1.0,0.01931422898563601,0.011281473902002346,0.013385071094805124,0.017468499927505727,0.020938637229734543,0.0406654494142142,0.02866610863308527,0.03500897980331955,0.02534937779952191,0.023118661152095356,0.02537523630688811,0.06240171729525997,0.05112343753994019,0.02587576527575803,-1.0,0.035415781272134864,0.030264511833424126,0.02900694716384574,0.02339761437923789,0.02612466691049689,0.022423988285708518,0.07742215202613772,0.0395505475773312,0.05002826597027321,0.017331322899876947,0.015080772618142776,0.024279977273941267,0.027222810537405506,0.1257909103488182,0.028518221717766565,0.01221296479490768,0.019170676533174856,0.024600488073683383,0.023139256674518587,0.03683946833279302,0.017109049660727547,-1.0,-1.0,-1.0,0.028194190305145722,0.0134995396656974,-1.0,-1.0,-1.0
Stand/Blue,0.04497818557999371,0.1633906834632289,0.0772499034376207,0.18792047205622578,-1.0,-1.0,-1.0,-1.0,0.06173677906876242,0.029725190612784804,0.029836674046270717,0.07030766634793857,0.07572028925150494,-1.0,0.0462331537945861,0.36969943435986546,0.4558924093913837,-1.0,0.07069186124601474,0.08663259118080223,0.07419608541453353,0.08102939746540044,-1.0,0.0946969696969697,0.0606207565470417,0.12896902164100182,0.06233015034032263,0.068584283225656,0.18076318215505865,0.4117259552042161,-3.4965034965034962,0.08606222298721977,0.06160594374145218,0.09718550769709221,0.05941452922897766,-1.0,0.4203623523477238,0.09919946035493567,0.03524887467967585,0.0527732334160114,0.08809020436927413,0.12427609176546617,0.05848055813844688,0.034485017983936876,-1.0,-1.0,0.028194190305145722,-1.0,0.04789042670370193,-1.0,-1.0,-1.0
Stand/Green,0.020736304707555896,0.05117052577715236,0.026474637297469027,0.028758606012849346,-1.0,-1.0,-1.0,-1.0,0.024836143542975222,0.01441767722569288,0.01591715439480591,0.043125754700707265,0.04601657517037637,0.07004076372448766,0.04460979809605382,0.07536362951239732,0.033557272196457696,0.03976870521049576,0.032363925873664184,0.04460661426876377,0.09517555130438093,0.07468036802485363,-1.0,0.08020082286044256,0.030002280173293174,0.043857533189188246,0.026645989378908636,0.053177346450412125,0.05767212244945039,0.09816143629813591,0.040421352175072964,0.08006341022089496,0.014818810405175912,0.022455207474889462,0.05785965561932975,0.10096216947509767,-1.0,0.06770389026553467,0.012769157886806524,0.01951977450756489,0.017393633582236227,0.03156565656565657,0.10225576211219503,0.02153905137709925,-1.0,-1.0,0.0134995396656974,0.04789042670370193,-1.0,-1.0,-1.0,-1.0
Stand/White,-1.0,-1.0,-1.0,-1.0,-1.0,-1.0,-1.0,-1.0,-1.0,-1.0,-1.0,-1.0,-1.0,-1.0,-1.0,-1.0,-1.0,-1.0,-1.0,-1.0,-1.0,-1.0,-1.0,-1.0,-1.0,-1.0,-1.0,-1.0,-1.0,-1.0,-1.0,-1.0,-1.0,-1.0,-1.0,-1.0,-1.0,-1.0,-1.0,-1.0,-1.0,-1.0,-1.0,-1.0,-1.0,-1.0,-1.0,-1.0,-1.0,-1.0,-1.0,-1.0
Stand/Red,-1.0,-1.0,-1.0,-1.0,-1.0,-1.0,-1.0,-1.0,-1.0,-1.0,-1.0,-1.0,-1.0,-1.0,-1.0,-1.0,-1.0,-1.0,-1.0,-1.0,-1.0,-1.0,-1.0,-1.0,-1.0,-1.0,-1.0,-1.0,-1.0,-1.0,-1.0,-1.0,-1.0,-1.0,-1.0,-1.0,-1.0,-1.0,-1.0,-1.0,-1.0,-1.0,-1.0,-1.0,-1.0,-1.0,-1.0,-1.0,-1.0,-1.0,-1.0,-1.0
Stand/Brown,-1.0,-1.0,-1.0,-1.0,-1.0,-1.0,-1.0,-1.0,-1.0,-1.0,-1.0,-1.0,-1.0,-1.0,-1.0,-1.0,-1.0,-1.0,-1.0,-1.0,-1.0,-1.0,-1.0,-1.0,-1.0,-1.0,-1.0,-1.0,-1.0,-1.0,-1.0,-1.0,-1.0,-1.0,-1.0,-1.0,-1.0,-1.0,-1.0,-1.0,-1.0,-1.0,-1.0,-1.0,-1.0,-1.0,-1.0,-1.0,-1.0,-1.0,-1.0,-1.0
